1 2371
1 2501
1 1225
1 1391
1 2875
1 2365
1 1071
1 143
1 2667
1 1657
2 740
2 3144
2 626
2 526
2 204
2 3129
2 1977
2 2976
2 2352
2 171
3 291
3 2551
3 6
3 652
3 1787
3 1277
3 415
3 406
3 216
3 990
4 1253
4 2969
4 2851
4 1233
4 2895
4 2342
4 2848
4 2060
4 1588
4 1610
5 2247
5 3127
5 1281
5 2126
5 2629
5 2469
5 2105
5 1675
5 8
5 2169
6 1009
6 400
6 136
6 8
6 77
6 2616
6 216
6 1770
6 2671
6 1755
7 2912
7 2111
7 3043
7 1870
7 1601
7 2984
7 1808
7 975
7 1440
7 2895
8 820
8 2371
8 1461
8 2768
8 912
8 1034
8 1902
8 1045
8 1611
8 2541
9 2995
9 2578
9 2371
9 334
9 1461
9 3137
9 2374
9 2454
9 1745
9 1034
10 1795
10 829
10 2478
10 1103
10 34
10 2895
10 2814
10 93
10 1149
10 35
11 2699
11 795
11 1903
11 2091
11 1872
11 1860
11 2906
11 2717
11 3171
11 1923
12 1461
12 2796
12 1755
12 190
12 379
12 2618
12 2126
12 3127
12 398
12 294
13 1795
13 2530
13 797
13 2748
13 2495
13 2586
13 1289
13 230
13 1064
13 1655
14 2337
14 2444
14 788
14 1790
14 622
14 2585
14 2783
14 451
14 452
14 2679
15 2337
15 2907
15 658
15 3166
15 2107
15 3054
15 8
15 77
15 2457
15 2827
16 2376
16 1332
16 1168
16 1461
16 2999
16 2378
16 1755
16 493
16 1745
16 59
17 2079
17 2491
17 1795
17 1670
17 210
17 1275
17 626
17 2748
17 4
17 7
18 1795
18 249
18 2138
18 1149
18 2079
18 651
18 1757
18 407
18 1670
18 1183
19 2007
19 663
19 709
19 127
19 199
19 227
19 305
19 306
19 427
19 473
20 1660
20 1796
20 1952
20 2172
20 555
20 1481
20 2461
20 1961
20 777
20 936
21 1520
21 2675
21 1429
21 1496
21 2589
21 2426
21 2615
21 172
21 810
21 1107
22 2745
22 2675
22 2473
22 2209
22 1915
22 2589
22 2004
22 3193
22 2337
22 2426
23 2675
23 2589
23 2426
23 2615
23 2250
23 1107
23 711
23 1778
23 371
23 1081
24 20
24 412
24 394
24 1656
24 1233
24 528
24 141
24 392
24 2844
24 198
25 2318
25 143
25 4
25 7
25 10
25 13
25 19
25 2984
25 436
25 2741
26 2578
26 1338
26 1461
26 2376
26 59
26 1304
26 84
26 1071
26 2869
26 597
27 1755
27 1461
27 17
27 59
27 2399
27 1960
27 1996
27 1752
27 84
27 2481
28 1551
28 1165
28 1233
28 2395
28 1199
28 1251
28 1263
28 1672
28 1718
28 1009
29 1537
29 1538
29 1539
29 2089
29 2462
29 1840
29 2927
29 1520
29 1841
29 785
30 1440
30 1926
30 1461
30 1616
30 195
30 2876
30 1267
30 1828
30 2519
30 2604
31 2371
31 1144
31 2266
31 730
31 1168
31 1440
31 2895
31 1281
31 1566
31 1388
32 70
32 3139
32 2266
32 1563
32 2389
32 1172
32 1870
32 1429
32 2630
32 2174
33 1954
33 2043
33 1662
33 1577
33 2954
33 2226
33 2544
33 1285
33 1692
33 3059
34 2808
34 718
34 332
34 2642
34 2759
34 1567
34 2226
34 2544
34 2291
34 1833
35 2090
35 503
35 769
35 64
35 842
35 442
35 454
35 640
35 1038
35 8
36 2112
36 2836
36 1669
36 628
36 1737
36 2476
36 2084
36 2698
36 2110
36 1265
37 2560
37 2912
37 2374
37 2227
37 2321
37 2229
37 1270
37 2184
37 2850
37 1637
38 2966
38 3069
38 3105
38 1698
38 2082
38 1861
38 1281
38 483
38 2832
38 2682
39 2940
39 2651
39 1614
39 1602
39 2178
39 1902
39 2078
39 1861
39 3105
39 2082
40 1485
40 1588
40 2877
40 1835
40 2060
40 1626
40 1531
40 3173
40 2406
40 1551
41 2371
41 3082
41 975
41 1951
41 1751
41 2080
41 3043
41 3137
41 1611
41 2522
42 2318
42 2984
42 2894
42 1009
42 462
42 1107
42 3058
42 1411
42 827
42 633
43 4
43 7
43 10
43 13
43 19
43 210
43 436
43 3003
43 633
43 2447
44 931
44 2
44 1106
44 436
44 189
44 1208
44 525
44 323
44 415
44 166
45 3089
45 3119
45 2114
45 3002
45 2988
45 2372
45 3137
45 1233
45 2469
45 2451
46 1457
46 1858
46 1248
46 2165
46 655
46 329
46 1934
46 1518
46 2984
46 1199
47 3089
47 2372
47 239
47 1526
47 651
47 1935
47 2318
47 1887
47 3119
47 2451
48 1797
48 6
48 2366
48 2032
48 3200
48 828
48 2695
48 2325
48 202
48 940
49 634
49 239
49 6
49 652
49 2642
49 651
49 2578
49 2735
49 1101
49 2999
50 634
50 652
50 651
50 275
50 2575
50 657
50 2070
50 690
50 2278
50 2664
51 371
51 786
51 641
51 684
51 775
51 813
51 1091
51 442
51 454
51 2014
52 1131
52 1329
52 2504
52 2271
52 238
52 2995
52 331
52 334
52 605
52 3070
53 503
53 139
53 514
53 569
53 787
53 1124
53 203
53 1283
53 67
53 453
54 2958
54 3170
54 989
54 2814
54 3031
54 1835
54 689
54 889
54 2941
54 658
55 1612
55 1685
55 522
55 2814
55 1588
55 556
55 1551
55 1142
55 3198
55 1455
56 99
56 2803
56 1781
56 1101
56 2449
56 1678
56 1471
56 2327
56 658
56 2126
57 1106
57 2312
57 1248
57 2700
57 3140
57 2609
57 3155
57 2458
57 3031
57 1028
58 2670
58 1440
58 2285
58 1631
58 2994
58 2135
58 2373
58 1474
58 1270
58 3099
59 651
59 1438
59 1700
59 1456
59 1116
59 727
59 2631
59 2484
59 1563
59 2836
60 1261
60 2485
60 1572
60 1326
60 3025
60 2277
60 1774
60 2988
60 3026
60 3010
61 634
61 239
61 2711
61 2451
61 2114
61 1935
61 911
61 2307
61 3134
61 895
62 2608
62 2601
62 1795
62 660
62 1368
62 249
62 1209
62 2515
62 1567
62 1172
63 1795
63 2675
63 2589
63 2426
63 2615
63 2630
63 1448
63 124
63 2973
63 785
64 2729
64 2513
64 2756
64 1957
64 598
64 2232
64 595
64 1878
64 57
64 1131
